0 13077068 16582 1.000000
1 13077069 16582 1.000000
2 13077070 16582 1.000000
3 13077073 16582 1.000000
4 13077075 16582 1.000000
5 13077081 16582 1.000000
6 13078001 16582 1.000000
7 13078003 16582 1.000000
8 13078004 16582 1.000000
9 13078006 16582 1.000000
10 13078007 16582 1.000000
11 13078009 16582 1.000000
12 13078011 16582 1.000000
13 13078012 16582 1.000000
14 13078014 16582 1.000000
15 13078035 16586 1.000000
16 13078036 16586 1.000000
17 13078040 16586 1.000000
18 13078042 16586 1.000000
19 13078045 16586 1.000000
20 13078051 16586 1.000000
21 13078052 16586 1.000000
22 13078054 16586 1.000000
23 13078055 16586 1.000000
24 13078057 16586 1.000000
25 13078058 16586 1.000000
26 13079031 16587 1.000000
27 13079032 16587 1.000000
28 13079033 16587 1.000000
29 13079034 16587 1.000000
30 13079035 16587 1.000000
31 13079036 16587 1.000000
32 13079037 16587 1.000000
33 13079038 16587 1.000000
34 13079073 16592 1.000000
35 13079074 16592 1.000000
36 13079075 16592 1.000000
37 13079076 16592 1.000000
38 13079077 16592 1.000000
39 13079079 16592 1.000000
40 13080002 16592 1.000000
41 13080003 16592 1.000000
42 13080004 16592 1.000000
43 13080005 16592 1.000000
44 13080011 16593 1.000000
45 13080013 16593 1.000000
46 13080014 16593 1.000000
47 13080015 16593 1.000000
48 13080083 16594 1.000000
49 13080084 16594 1.000000
50 13080085 16594 1.000000
51 13080086 16594 1.000000
52 13080090 16594 1.000000
53 13080093 16594 1.000000
54 13080096 16594 1.000000
55 13084001 16619 1.000000
56 13084004 16619 1.000000
57 13084007 16619 1.000000
58 13084008 16619 1.000000
59 13084027 16620 1.000000
60 13084028 16620 1.000000
61 13084032 16620 1.000000
62 13084034 16620 1.000000
63 13084035 16620 1.000000
64 13084036 16620 1.000000
65 13084037 16620 1.000000
66 13084038 16620 1.000000
67 13084039 16620 1.000000
68 13084040 16620 1.000000
69 13084041 16620 1.000000
70 13085004 16622 1.000000
71 13085005 16622 1.000000
72 13085006 16622 1.000000
73 13085007 16622 1.000000
74 13085008 16622 1.000000
75 13085009 16622 1.000000
76 13085010 16622 1.000000
77 13085011 16622 1.000000
78 13085029 16625 1.000000
79 13085030 16625 1.000000
80 13085031 16625 1.000000
81 13085032 16625 1.000000
82 13085033 16625 1.000000
83 13085034 16625 1.000000
84 13085035 16625 1.000000
85 13085036 16625 1.000000
86 13085041 16625 1.000000
87 13085046 16625 1.000000
88 13085047 16625 1.000000
89 13085061 16626 1.000000
90 13086067 16627 1.000000
91 13086069 16627 1.000000
92 13086070 16627 1.000000
93 13086071 16627 1.000000
94 13086078 16627 1.000000
95 13086079 16627 1.000000
96 13086080 16627 1.000000
97 13086081 16627 1.000000
98 13086082 16627 1.000000
99 13086083 16627 1.000000
100 13086085 16627 1.000000
101 13086087 16627 1.000000
102 13086088 16627 1.000000
103 13087011 16632 1.000000
104 13087012 16632 1.000000
105 13087015 16632 1.000000
106 13087016 16632 1.000000
107 13089024 16643 1.000000
108 13089027 16643 1.000000
109 13090005 16650 1.000000
110 13090006 16650 1.000000
111 13090007 16650 1.000000
112 13090008 16650 1.000000
113 13090011 16650 1.000000
114 13090015 16650 1.000000
115 13090016 16650 1.000000
116 13090017 16650 1.000000
117 13090018 16650 1.000000
118 13090019 16650 1.000000
119 13090021 16650 1.000000
120 13090022 16650 1.000000
121 13090023 16650 1.000000
122 13090035 16655 1.000000
123 13090039 16655 1.000000
124 13090040 16655 1.000000
125 13090043 16655 1.000000
126 13090048 16655 1.000000
127 13090049 16655 1.000000
128 13091005 16655 1.000000
129 13091009 16655 1.000000
130 13091011 16655 1.000000
131 13091012 16655 1.000000
132 13091019 16656 1.000000
133 13091020 16656 1.000000
134 13091023 16656 1.000000
135 13091024 16656 1.000000
136 13091025 16656 1.000000
137 13091027 16656 1.000000
138 13091034 16656 1.000000
139 13091036 16656 1.000000
140 13091037 16656 1.000000
141 13091038 16656 1.000000
142 13092005 16659 1.000000
143 13092006 16659 1.000000
144 13092008 16659 1.000000
145 13092036 16662 1.000000
146 13092037 16662 1.000000
147 13092038 16662 1.000000
148 13092039 16662 1.000000
149 13092040 16662 1.000000
150 13092042 16662 1.000000
151 13092044 16662 1.000000
152 13092045 16662 1.000000
153 13092046 16662 1.000000
154 13093015 16667 1.000000
155 13093018 16667 1.000000
156 13093020 16667 1.000000
157 13093023 16667 1.000000
158 13093030 16667 1.000000
159 13093034 16667 1.000000
160 13093035 16667 1.000000
161 13093036 16667 1.000000
162 13093044 16668 1.000000
163 13093045 16668 1.000000
164 13093046 16668 1.000000
165 13094001 16668 1.000000
166 13094003 16668 1.000000
167 13094011 16668 1.000000
168 13094013 16668 1.000000
169 13094014 16668 1.000000
170 13094015 16668 1.000000
171 13094016 16668 1.000000
172 13094017 16668 1.000000
173 13094018 16668 1.000000
174 13094021 16668 1.000000
175 13095014 16671 1.000000
176 13095015 16671 1.000000
177 13095043 16678 1.000000
178 13095045 16678 1.000000
179 13095049 16678 1.000000
180 13096001 16678 1.000000
181 13096003 16678 1.000000
182 13096004 16678 1.000000
183 13096060 16685 1.000000
184 13096061 16685 1.000000
185 13096063 16685 1.000000
186 13096069 16685 1.000000
187 13096070 16685 1.000000
188 13097002 16685 1.000000
189 13097003 16685 1.000000
190 13097004 16685 1.000000
191 13097005 16685 1.000000
192 13097007 16685 1.000000
193 13097021 16686 1.000000
194 13097022 16686 1.000000
195 13097023 16686 1.000000
196 13097024 16686 1.000000
197 13097026 16686 1.000000
198 13097027 16686 1.000000
199 13097029 16686 1.000000
200 13097032 16686 1.000000
201 13097033 16686 1.000000
202 13097034 16686 1.000000
203 13097036 16686 1.000000
204 13097037 16686 1.000000
205 13097038 16686 1.000000
206 13097039 16686 1.000000
207 13100003 16697 1.000000
208 13100004 16697 1.000000
209 13100005 16697 1.000000
210 13100006 16697 1.000000
211 13100008 16697 1.000000
212 13100010 16697 1.000000
213 13100011 16697 1.000000
214 13100012 16697 1.000000
215 13100013 16697 1.000000
216 13100014 16697 1.000000
217 13100025 16698 1.000000
218 13100026 16698 1.000000
219 13100027 16698 1.000000
220 13100029 16698 1.000000
221 13100030 16698 1.000000
222 13100031 16698 1.000000
223 13100033 16698 1.000000
224 13100034 16698 1.000000
225 13100037 16698 1.000000
226 13100038 16698 1.000000
227 13100042 16698 1.000000
228 13100049 16699 1.000000
229 13100053 16699 1.000000
230 13100054 16699 1.000000
231 13100055 16699 1.000000
232 13100056 16699 1.000000
233 13100060 16699 1.000000
234 13101002 16699 1.000000
235 13101003 16699 1.000000
236 13101004 16699 1.000000
237 13101005 16699 1.000000
238 13101006 16699 1.000000
239 13101013 16701 1.000000
240 13101015 16701 1.000000
241 13101021 16701 1.000000
242 13101024 16701 1.000000
243 13101026 16701 1.000000
244 13101027 16701 1.000000
245 13101039 16704 1.000000
246 13101040 16704 1.000000
247 13101041 16704 1.000000
248 13101042 16704 1.000000
249 13101043 16704 1.000000
250 13101044 16704 1.000000
251 13101045 16704 1.000000
252 13101047 16704 1.000000
253 13101048 16704 1.000000
254 13101049 16704 1.000000
255 13101050 16704 1.000000
256 13101058 16705 1.000000
257 13101060 16705 1.000000
261 13104012 16716 1.000000
262 13104043 16720 1.000000
263 13104044 16720 1.000000
264 13104045 16720 1.000000
265 13104046 16720 1.000000
266 13104047 16720 1.000000
267 13104050 16720 1.000000
268 13104054 16720 1.000000
269 13104056 16720 1.000000
270 13104057 16720 1.000000
271 13104059 16720 1.000000
272 13104060 16720 1.000000
273 13104061 16720 1.000000
274 13105006 16722 1.000000
275 13105007 16722 1.000000
276 13105008 16722 1.000000
277 13105009 16722 1.000000
278 13105010 16722 1.000000
279 13105011 16722 1.000000
280 13105014 16722 1.000000
281 13105015 16722 1.000000
282 13105016 16722 1.000000
283 13105017 16722 1.000000
284 13105018 16722 1.000000
285 13105038 16723 1.000000
286 13105039 16723 1.000000
287 13105040 16723 1.000000
288 13105041 16723 1.000000
289 13106069 16726 1.000000
290 13106071 16726 1.000000
291 13106072 16726 1.000000
292 13106073 16726 1.000000
293 13106074 16726 1.000000
294 13106075 16726 1.000000
295 13106076 16726 1.000000
296 13107001 16726 1.000000
297 13107002 16726 1.000000
298 13107003 16726 1.000000
299 13107015 16727 1.000000
300 13107017 16727 1.000000
301 13107019 16727 1.000000
302 13107024 16727 1.000000
303 13107025 16727 1.000000
304 13107027 16727 1.000000
305 13107028 16727 1.000000
306 13107029 16727 1.000000
307 13107031 16727 1.000000
308 13107032 16727 1.000000
309 13107034 16727 1.000000
310 13108001 16730 1.000000
311 13108002 16730 1.000000
312 13108008 16730 1.000000
313 13108010 16730 1.000000
314 13108011 16730 1.000000
315 13108012 16730 1.000000
316 13108013 16730 1.000000
317 13108016 16730 1.000000
318 13108025 16731 1.000000
319 13108031 16731 1.000000
320 13108040 16731 1.000000
321 13108072 16732 1.000000
322 13109014 16735 1.000000
323 13109015 16735 1.000000
324 13109016 16735 1.000000
325 13109026 16735 1.000000
