0 13077068 16582 0.975088
1 13077069 16582 0.975181
2 13077070 16582 0.975242
3 13077073 16582 0.975358
4 13077075 16582 0.975445
5 13077081 16582 0.975438
6 13078001 16582 0.975450
7 13078003 16582 0.975495
8 13078004 16582 0.975459
9 13078006 16582 0.975492
10 13078007 16582 0.975407
11 13078009 16582 0.975178
12 13078011 16582 0.975321
13 13078012 16582 0.975375
14 13078014 16582 0.975461
15 13078035 16586 1.023488
16 13078036 16586 1.023423
17 13078040 16586 1.023384
18 13078042 16586 1.023480
19 13078045 16586 1.023440
20 13078051 16586 1.023405
21 13078052 16586 1.023450
22 13078054 16586 1.023512
23 13078055 16586 1.023376
24 13078057 16586 1.023448
25 13078058 16586 1.023482
26 13079031 16587 0.996009
27 13079032 16587 0.996142
28 13079033 16587 0.996262
29 13079034 16587 0.996390
30 13079035 16587 0.996475
31 13079036 16587 0.996494
32 13079037 16587 0.996662
33 13079038 16587 0.996812
34 13079073 16592 0.955485
35 13079074 16592 0.955409
36 13079075 16592 0.955366
37 13079076 16592 0.955472
38 13079077 16592 0.955444
39 13079079 16592 0.955723
40 13080002 16592 0.955824
41 13080003 16592 0.955967
42 13080004 16592 0.955918
43 13080005 16592 0.956028
44 13080011 16593 1.041206
45 13080013 16593 1.040881
46 13080014 16593 1.040580
47 13080015 16593 1.040301
48 13080083 16594 0.955198
49 13080084 16594 0.955137
51 13080086 16594 0.954907
52 13080090 16594 0.954298
53 13080093 16594 0.954129
54 13080096 16594 0.953803
55 13084001 16619 0.958787
56 13084004 16619 0.958687
57 13084007 16619 0.958450
58 13084008 16619 0.958438
59 13084027 16620 0.954921
60 13084028 16620 0.954803
61 13084032 16620 0.954671
62 13084034 16620 0.954850
63 13084035 16620 0.954720
64 13084036 16620 0.954772
65 13084037 16620 0.954706
66 13084038 16620 0.954705
67 13084039 16620 0.954594
68 13084040 16620 0.954496
69 13084041 16620 0.954431
70 13085004 16622 0.957213
71 13085005 16622 0.957226
72 13085006 16622 0.957178
73 13085007 16622 0.957250
74 13085008 16622 0.957333
75 13085009 16622 0.957354
76 13085010 16622 0.957444
77 13085011 16622 0.957434
78 13085029 16625 1.028111
79 13085030 16625 1.027941
80 13085031 16625 1.027786
81 13085032 16625 1.027740
82 13085033 16625 1.027622
83 13085034 16625 1.027407
84 13085035 16625 1.027341
85 13085036 16625 1.027272
86 13085041 16625 1.027156
87 13085046 16625 1.026994
88 13085047 16625 1.026914
89 13085061 16626 0.955085
90 13086067 16627 1.041578
91 13086069 16627 1.041671
92 13086070 16627 1.041714
93 13086071 16627 1.041765
94 13086078 16627 1.041756
95 13086079 16627 1.041806
96 13086080 16627 1.041800
97 13086081 16627 1.041761
98 13086082 16627 1.041837
99 13086083 16627 1.041743
100 13086085 16627 1.041848
101 13086087 16627 1.041908
102 13086088 16627 1.041890
103 13087011 16632 1.043964
104 13087012 16632 1.043921
105 13087015 16632 1.043799
106 13087016 16632 1.043820
107 13089024 16643 0.953557
108 13089027 16643 0.953530
109 13090005 16650 1.027180
110 13090006 16650 1.027062
111 13090007 16650 1.027173
112 13090008 16650 1.027132
113 13090011 16650 1.027197
114 13090015 16650 1.027236
115 13090016 16650 1.027272
116 13090017 16650 1.027274
117 13090018 16650 1.027243
118 13090019 16650 1.027248
120 13090022 16650 1.027242
121 13090023 16650 1.027258
122 13090035 16655 0.936946
123 13090039 16655 0.936401
124 13090040 16655 0.936183
125 13090043 16655 0.936175
126 13090048 16655 0.935966
127 13090049 16655 0.935848
128 13091005 16655 0.935641
129 13091009 16655 0.935494
130 13091011 16655 0.935434
131 13091012 16655 0.935349
132 13091019 16656 1.028665
133 13091020 16656 1.028623
134 13091023 16656 1.028529
135 13091024 16656 1.028514
136 13091025 16656 1.028566
137 13091027 16656 1.028522
138 13091034 16656 1.028561
139 13091036 16656 1.028597
140 13091037 16656 1.028617
141 13091038 16656 1.028586
142 13092005 16659 0.976818
143 13092006 16659 0.976703
144 13092008 16659 0.976672
145 13092036 16662 1.047227
146 13092037 16662 1.047307
147 13092038 16662 1.047415
148 13092039 16662 1.047420
149 13092040 16662 1.047522
150 13092042 16662 1.047510
151 13092044 16662 1.047559
152 13092045 16662 1.047690
153 13092046 16662 1.047569
154 13093015 16667 0.967776
155 13093018 16667 0.967873
156 13093020 16667 0.967927
157 13093023 16667 0.967974
158 13093030 16667 0.967906
159 13093034 16667 0.967929
160 13093035 16667 0.967935
161 13093036 16667 0.967926
162 13093044 16668 0.934445
163 13093045 16668 0.934490
164 13093046 16668 0.934452
165 13094001 16668 0.934503
166 13094003 16668 0.934556
167 13094011 16668 0.934507
168 13094013 16668 0.934471
169 13094014 16668 0.934510
170 13094015 16668 0.934412
171 13094016 16668 0.934389
172 13094017 16668 0.934289
173 13094018 16668 0.934305
174 13094021 16668 0.934305
175 13095014 16671 0.945905
176 13095015 16671 0.945905
177 13095043 16678 1.051703
178 13095045 16678 1.052221
179 13095049 16678 1.052343
180 13096001 16678 1.052263
181 13096003 16678 1.052310
182 13096004 16678 1.052447
183 13096060 16685 0.979115
184 13096061 16685 0.979927
185 13096063 16685 0.981124
186 13096069 16685 0.983557
187 13096070 16685 0.984218
188 13097002 16685 0.985208
189 13097003 16685 0.985633
190 13097004 16685 0.985944
191 13097005 16685 0.986254
192 13097007 16685 0.986788
193 13097021 16686 1.025703
194 13097022 16686 1.025498
195 13097023 16686 1.025167
196 13097024 16686 1.024880
197 13097026 16686 1.024548
198 13097027 16686 1.024389
199 13097029 16686 1.024218
200 13097032 16686 1.023831
201 13097033 16686 1.023588
202 13097034 16686 1.023378
203 13097036 16686 1.023050
204 13097037 16686 1.022939
205 13097038 16686 1.022793
206 13097039 16686 1.022671
207 13100003 16697 1.062642
208 13100004 16697 1.062702
209 13100005 16697 1.062683
210 13100006 16697 1.062716
211 13100008 16697 1.062594
212 13100010 16697 1.062617
213 13100011 16697 1.062608
214 13100012 16697 1.062572
215 13100013 16697 1.062622
216 13100014 16697 1.062568
217 13100025 16698 1.037623
218 13100026 16698 1.037337
219 13100027 16698 1.036974
220 13100029 16698 1.036766
221 13100030 16698 1.036822
222 13100031 16698 1.037021
223 13100033 16698 1.037124
224 13100034 16698 1.037232
225 13100037 16698 1.037186
226 13100038 16698 1.037158
227 13100042 16698 1.037211
228 13100049 16699 0.947537
229 13100053 16699 0.947932
230 13100054 16699 0.948202
231 13100055 16699 0.948577
232 13100056 16699 0.949054
233 13100060 16699 0.949644
234 13101002 16699 0.950076
235 13101003 16699 0.950237
236 13101004 16699 0.950291
237 13101005 16699 0.950227
238 13101006 16699 0.950029
239 13101013 16701 0.963367
240 13101015 16701 0.963506
241 13101021 16701 0.963579
242 13101024 16701 0.963415
243 13101026 16701 0.963171
244 13101027 16701 0.963081
245 13101039 16704 1.057086
246 13101040 16704 1.057185
247 13101041 16704 1.057131
248 13101042 16704 1.057020
249 13101043 16704 1.056732
250 13101044 16704 1.056443
251 13101045 16704 1.056345
252 13101047 16704 1.055903
253 13101048 16704 1.055648
254 13101049 16704 1.055546
255 13101050 16704 1.055278
256 13101058 16705 1.015663
257 13101060 16705 1.016558
261 13104012 16716 0.963924
262 13104043 16720 1.050239
263 13104044 16720 1.050387
264 13104045 16720 1.050948
265 13104046 16720 1.051388
266 13104047 16720 1.051606
267 13104050 16720 1.051814
268 13104054 16720 1.052132
269 13104056 16720 1.052182
270 13104057 16720 1.052277
271 13104059 16720 1.052403
272 13104060 16720 1.052344
273 13104061 16720 1.052324
274 13105006 16722 0.954011
275 13105007 16722 0.954056
276 13105008 16722 0.954023
277 13105009 16722 0.953968
278 13105010 16722 0.953840
279 13105011 16722 0.953791
280 13105014 16722 0.953673
281 13105015 16722 0.953657
282 13105016 16722 0.953665
283 13105017 16722 0.953669
284 13105018 16722 0.953677
285 13105038 16723 0.991669
286 13105039 16723 0.991374
287 13105040 16723 0.991204
288 13105041 16723 0.991043
289 13106069 16726 1.005418
290 13106071 16726 1.005374
291 13106072 16726 1.005232
292 13106073 16726 1.005204
293 13106074 16726 1.005194
294 13106075 16726 1.000391
295 13106076 16726 0.999116
296 13107001 16726 0.998691
297 13107002 16726 0.998666
298 13107003 16726 0.998593
299 13107015 16727 0.951453
300 13107017 16727 0.951365
301 13107019 16727 0.951362
302 13107024 16727 0.951271
303 13107025 16727 0.951362
304 13107027 16727 0.951370
305 13107028 16727 0.951481
306 13107029 16727 0.951477
307 13107031 16727 0.951435
308 13107032 16727 0.951428
309 13107034 16727 0.951326
310 13108001 16730 1.013766
311 13108002 16730 1.013964
312 13108008 16730 1.014127
313 13108010 16730 1.017205
314 13108011 16730 1.017722
315 13108012 16730 1.017676
316 13108013 16730 1.017628
317 13108016 16730 1.017262
318 13108025 16731 1.064475
319 13108031 16731 1.064731
320 13108040 16731 1.062322
321 13108072 16732 0.958744
322 13109014 16735 1.036565
323 13109015 16735 1.036636
324 13109016 16735 1.036630
325 13109026 16735 1.036722
